1466257	4475_2129165	2419796;2129165	2423022
4475	1886756_2129165	2419796;2129165	2423022
1471682	2684_2129165	2419796;2129165	2423022
2120997	1471682_2129165	2419796;2129165	2423022
2684	2684_2129165	2419796;2129165	2423022
2075296	4258_2129165	2419796;2129165	2423022
2075296	2684_2129165	2419796;2129165	2423022
2129165	2399000_2129165	2419796;2129165	2423022
1740	2684_2129165	2419796;2129165	2423022
1740	2399000_2129165	2419796;2129165	2423022
1886756	1886756_2129165	2419796;2129165	2423022
1466257	2423022_2129165	2423022
1471682	2419796_2129165	2419796;2129165	2423022
2684	2370806_2129165	2419796;2129165	2423022
1471682	2370806_2129165	2419796;2129165	2423022
1740	2423022_2129165	2423022
1466257	1930_2129165	2419796;2129165	2423022
1930	4258_2129165	2419796;2129165	2423022
1861778	1861778_2129165	2419796;2129165	2423022
3553	3553_2129165	2419796;2129165	2423022
2129165	1886756_2129165	2419796;2129165	2423022
2684	1930_2129165	2419796;2129165	2423022
1930	2419796_2129165	2419796;2129165	2423022
1466257	2401031_2129165	2419796;2129165	2423022
2127808	2423022_2129165	2423022
1471682	15388_2129165	2419796;2129165	2423022
1886756	15388_2129165	2419796;2129165	2423022
2075296	1471682_2129165	2419796;2129165	2423022
2075296	2399000_2129165	2419796;2129165	2423022
15388	2684_2129165	2419796;2129165	2423022
1930	1740_2129165	2419796;2129165	2423022
1930	2423022_2129165	2423022
2075296	2401031_2129165	2419796;2129165	2423022
4475	1466257_2129165	2419796;2129165	2423022
3553	2419796_2129165	2419796;2129165	2423022
15388	2370806_2129165	2419796;2129165	2423022
3553	2423022_2129165	2423022
1861778	2684_2129165	2419796;2129165	2423022
1466257	1466257_2129165	2419796;2129165	2423022
2075296	2394477_2129165	2419796;2129165	2423022
1471682	2399000_2129165	2419796;2129165	2423022
15388	2394477_2129165	2419796;2129165	2423022
2075296	2423022_2129165	2423022
1930	3553_2129165	2419796;2129165	2423022
1886756	1740_2129165	2419796;2129165	2423022
1471682	4258_2129165	2419796;2129165	2423022
1466257	1886756_2129165	2419796;2129165	2423022
2120997	3553_2129165	2419796;2129165	2423022
15388	4475_2129165	2419796;2129165	2423022
15388	1471682_2129165	2419796;2129165	2423022
2129165	2684_2129165	2419796;2129165	2423022
1471682	2401031_2129165	2419796;2129165	2423022
1930	2399000_2129165	2419796;2129165	2423022
3553	2399000_2129165	2419796;2129165	2423022
2129165	4475_2129165	2419796;2129165	2423022
1740	1466257_2129165	2419796;2129165	2423022
1740	1471682_2129165	2419796;2129165	2423022
2075296	1930_2129165	2419796;2129165	2423022
2129165	1740_2129165	2419796;2129165	2423022
2075296	4475_2129165	2419796;2129165	2423022
1740	15388_2129165	2419796;2129165	2423022
2127808	1861778_2129165	2419796;2129165	2423022
1466257	2419796_2129165	2419796;2129165	2423022
2129165	2394477_2129165	2419796;2129165	2423022
4258	2423022_2129165	2423022
4475	2684_2129165	2419796;2129165	2423022
4475	2401031_2129165	2419796;2129165	2423022
4258	2399000_2129165	2419796;2129165	2423022
1740	4258_2129165	2419796;2129165	2423022
3553	2401031_2129165	2419796;2129165	2423022
2127808	2399000_2129165	2419796;2129165	2423022
2075296	15388_2129165	2419796;2129165	2423022
3553	4475_2129165	2419796;2129165	2423022
1740	1861778_2129165	2419796;2129165	2423022
1740	1886756_2129165	2419796;2129165	2423022
2120997	4475_2129165	2419796;2129165	2423022
4258	1466257_2129165	2419796;2129165	2423022
1466257	1740_2129165	2419796;2129165	2423022
2120997	2370806_2129165	2419796;2129165	2423022
1466257	2399000_2129165	2419796;2129165	2423022
4258	1886756_2129165	2419796;2129165	2423022
1740	3553_2129165	2419796;2129165	2423022
4258	15388_2129165	2419796;2129165	2423022
2684	1886756_2129165	2419796;2129165	2423022
2127808	1886756_2129165	2419796;2129165	2423022
1886756	1930_2129165	2419796;2129165	2423022
4258	1471682_2129165	2419796;2129165	2423022
1886756	4475_2129165	2419796;2129165	2423022
1471682	2423022_2129165	2423022
2127808	3553_2129165	2419796;2129165	2423022
2120997	2423022_2129165	2423022
2129165	1861778_2129165	2419796;2129165	2423022
2120997	2401031_2129165	2419796;2129165	2423022
3553	1466257_2129165	2419796;2129165	2423022
2129165	15388_2129165	2419796;2129165	2423022
4258	4258_2129165	2419796;2129165	2423022
4258	1740_2129165	2419796;2129165	2423022
1471682	1471682_2129165	2419796;2129165	2423022
4475	2370806_2129165	2419796;2129165	2423022
3553	4258_2129165	2419796;2129165	2423022
15388	1861778_2129165	2419796;2129165	2423022
2127808	2419796_2129165	2419796;2129165	2423022
2075296	2419796_2129165	2419796;2129165	2423022
ROOT_2129165	2419796;ROOT;2129165	2423022
2684	2419796_2129165	2419796;2129165	2423022
2075296	2370806_2129165	2419796;2129165	2423022
4475	1930_2129165	2419796;2129165	2423022
1861778	2370806_2129165	2419796;2129165	2423022
2120997	15388_2129165	2419796;2129165	2423022
1886756	2423022_2129165	2423022
2684	2394477_2129165	2419796;2129165	2423022
15388	1740_2129165	2419796;2129165	2423022
2684	1861778_2129165	2419796;2129165	2423022
1861778	4475_2129165	2419796;2129165	2423022
1930	2684_2129165	2419796;2129165	2423022
1886756	1466257_2129165	2419796;2129165	2423022
4258	4475_2129165	2419796;2129165	2423022
2127808	1930_2129165	2419796;2129165	2423022
1740	2370806_2129165	2419796;2129165	2423022
2120997	2684_2129165	2419796;2129165	2423022
1886756	2401031_2129165	2419796;2129165	2423022
2075296	1886756_2129165	2419796;2129165	2423022
2127808	1471682_2129165	2419796;2129165	2423022
2075296	1466257_2129165	2419796;2129165	2423022
15388	1886756_2129165	2419796;2129165	2423022
15388	1930_2129165	2419796;2129165	2423022
2684	3553_2129165	2419796;2129165	2423022
1466257	2394477_2129165	2419796;2129165	2423022
1861778	1886756_2129165	2419796;2129165	2423022
1861778	15388_2129165	2419796;2129165	2423022
1930	2370806_2129165	2419796;2129165	2423022
1930	1466257_2129165	2419796;2129165	2423022
2684	1740_2129165	2419796;2129165	2423022
4258	2401031_2129165	2419796;2129165	2423022
1466257	15388_2129165	2419796;2129165	2423022
2129165	2401031_2129165	2419796;2129165	2423022
4475	3553_2129165	2419796;2129165	2423022
1930	2401031_2129165	2419796;2129165	2423022
1466257	1471682_2129165	2419796;2129165	2423022
1861778	3553_2129165	2419796;2129165	2423022
4258	2419796_2129165	2419796;2129165	2423022
2684	2423022_2129165	2423022
1471682	1930_2129165	2419796;2129165	2423022
1861778	2419796_2129165	2419796;2129165	2423022
2129165	4258_2129165	2419796;2129165	2423022
1886756	2419796_2129165	2419796;2129165	2423022
2684	15388_2129165	2419796;2129165	2423022
2075296	1740_2129165	2419796;2129165	2423022
2129165	2419796_2129165	2419796;2129165	2423022
2127808	2370806_2129165	2419796;2129165	2423022
1471682	4475_2129165	2419796;2129165	2423022
1861778	2394477_2129165	2419796;2129165	2423022
2127808	2684_2129165	2419796;2129165	2423022
2129165	1471682_2129165	2419796;2129165	2423022
4258	3553_2129165	2419796;2129165	2423022
1930	2394477_2129165	2419796;2129165	2423022
4475	2399000_2129165	2419796;2129165	2423022
1471682	1886756_2129165	2419796;2129165	2423022
1471682	2394477_2129165	2419796;2129165	2423022
4475	4475_2129165	2419796;2129165	2423022
1886756	2399000_2129165	2419796;2129165	2423022
2127808	15388_2129165	2419796;2129165	2423022
1861778	2423022_2129165	2423022
1466257	4258_2129165	2419796;2129165	2423022
2127808	4475_2129165	2419796;2129165	2423022
3553	2394477_2129165	2419796;2129165	2423022
3553	15388_2129165	2419796;2129165	2423022
2120997	1466257_2129165	2419796;2129165	2423022
1740	2394477_2129165	2419796;2129165	2423022
15388	15388_2129165	2419796;2129165	2423022
15388	2419796_2129165	2419796;2129165	2423022
2129165	1466257_2129165	2419796;2129165	2423022
4475	4258_2129165	2419796;2129165	2423022
15388	2399000_2129165	2419796;2129165	2423022
1861778	2399000_2129165	2419796;2129165	2423022
3553	2370806_2129165	2419796;2129165	2423022
1740	4475_2129165	2419796;2129165	2423022
1861778	1930_2129165	2419796;2129165	2423022
2127808	4258_2129165	2419796;2129165	2423022
2120997	1740_2129165	2419796;2129165	2423022
4475	2419796_2129165	2419796;2129165	2423022
1740	2419796_2129165	2419796;2129165	2423022
1886756	4258_2129165	2419796;2129165	2423022
1740	1740_2129165	2419796;2129165	2423022
3553	1471682_2129165	2419796;2129165	2423022
1861778	2401031_2129165	2419796;2129165	2423022
1930	1471682_2129165	2419796;2129165	2423022
4475	2423022_2129165	2423022
1740	1930_2129165	2419796;2129165	2423022
1886756	2394477_2129165	2419796;2129165	2423022
1466257	3553_2129165	2419796;2129165	2423022
4475	1861778_2129165	2419796;2129165	2423022
2127808	2401031_2129165	2419796;2129165	2423022
1886756	3553_2129165	2419796;2129165	2423022
1861778	1466257_2129165	2419796;2129165	2423022
1861778	1740_2129165	2419796;2129165	2423022
2120997	1930_2129165	2419796;2129165	2423022
1471682	1466257_2129165	2419796;2129165	2423022
2684	4258_2129165	2419796;2129165	2423022
3553	2684_2129165	2419796;2129165	2423022
1471682	1740_2129165	2419796;2129165	2423022
4258	2394477_2129165	2419796;2129165	2423022
1861778	4258_2129165	2419796;2129165	2423022
15388	2423022_2129165	2423022
1886756	2370806_2129165	2419796;2129165	2423022
1930	4475_2129165	2419796;2129165	2423022
1930	15388_2129165	2419796;2129165	2423022
15388	1466257_2129165	2419796;2129165	2423022
3553	1861778_2129165	2419796;2129165	2423022
4258	2684_2129165	2419796;2129165	2423022
3553	1740_2129165	2419796;2129165	2423022
1930	1930_2129165	2419796;2129165	2423022
1466257	2684_2129165	2419796;2129165	2423022
1740	2401031_2129165	2419796;2129165	2423022
2120997	2394477_2129165	2419796;2129165	2423022
4258	1930_2129165	2419796;2129165	2423022
1471682	1861778_2129165	2419796;2129165	2423022
1471682	3553_2129165	2419796;2129165	2423022
15388	3553_2129165	2419796;2129165	2423022
1886756	1471682_2129165	2419796;2129165	2423022
2684	1471682_2129165	2419796;2129165	2423022
2120997	2399000_2129165	2419796;2129165	2423022
2127808	1740_2129165	2419796;2129165	2423022
1930	1886756_2129165	2419796;2129165	2423022
2129165	3553_2129165	2419796;2129165	2423022
4475	1740_2129165	2419796;2129165	2423022
2684	2401031_2129165	2419796;2129165	2423022
4475	2394477_2129165	2419796;2129165	2423022
4258	1861778_2129165	2419796;2129165	2423022
4475	1471682_2129165	2419796;2129165	2423022
2120997	2419796_2129165	2419796;2129165	2423022
15388	4258_2129165	2419796;2129165	2423022
2120997	4258_2129165	2419796;2129165	2423022
15388	2401031_2129165	2419796;2129165	2423022
2129165	2423022_2129165	2423022
4258	2370806_2129165	2419796;2129165	2423022
1466257	1861778_2129165	2419796;2129165	2423022
2075296	1861778_2129165	2419796;2129165	2423022
2684	2399000_2129165	2419796;2129165	2423022
2120997	1886756_2129165	2419796;2129165	2423022
2684	1466257_2129165	2419796;2129165	2423022
2127808	2394477_2129165	2419796;2129165	2423022
1466257	2370806_2129165	2419796;2129165	2423022
4475	15388_2129165	2419796;2129165	2423022
2075296	3553_2129165	2419796;2129165	2423022
1930	1861778_2129165	2419796;2129165	2423022
3553	1930_2129165	2419796;2129165	2423022
2129165	2370806_2129165	2419796;2129165	2423022
2120997	1861778_2129165	2419796;2129165	2423022
3553	1886756_2129165	2419796;2129165	2423022
1861778	1471682_2129165	2419796;2129165	2423022
2127808	1466257_2129165	2419796;2129165	2423022
1886756	2684_2129165	2419796;2129165	2423022
1886756	1861778_2129165	2419796;2129165	2423022
2684	4475_2129165	2419796;2129165	2423022
2129165	1930_2129165	2419796;2129165	2423022
